	2010
рт1в1
рт1в2
рт2в1
рт2в2
рт3в3
в1 14 13 145 145 145 34 245 134 235 23 13 15 135 235 13 234 235 24 245 24 2345 25 13 35 124 1234 1245 23 25 134 235 145 13 ПРОШЕЛ СУФФИКСАЛЬНЫЙ ВОСПИТАННОМУ ОБСТОЯТЕЛЬСТВО А6Б1В6Г3 А4Б3В5Г2 А2Б3В4Г1
в2 24 12 125 123 345 145 145 13 234 35 14 15 345 124 15 234 45 15 134 12 1235 25 34 24 235 1245 1245 123 125 235 12 135 5 ЧАСТЬ СУФФИКСАЛЬНЫЙ ЗАКАНЧИВАЮЩАЯСЯ ДОПОЛНЕНИЕ А5Б4В6Г6 А1Б3В4Г2 А3Б2В4Г1
в3 14 123 134 124 135 125 145 23 134 15 14 34 234 134 25 345 235 12 134 45 235 2345 35 25 25 2345 1235 234 125 235 125 124 4 МЕТЕЛЕЙ СУФФИКСАЛЬНЫЙ РАЗНЕСЁННЫХ ПОДЛЕЖАЩЕЕ А6Б5В6Г4 А3Б1В4Г2 А3Б4В1Г2
в4 25 135 124 124 145 134 145 35 345 23 13 13 124 145 25 125 24 34 124 45 124 135 34 24 23 1345 1234 23 245 145 15 15 2 ЦИФРЫ СУФФИКСАЛЬНЫЙ ОСУЩЕСТВЛЕНА ПОДЛЕЖАЩЕЕ А6Б6В5Г4 А3Б4В1Г5 А3Б1В4Г2
в5 25 12 235 135 125 124 145 15 245 15 23 13 124 123 13 345 245 14 245 13 2345 25 34 24 12 1235 1245 15 345 134 125 134 7 РЕГИОНЕ СУФФИКСАЛЬНЫЙ ПРЕДСТАВЛЕНЫ СКАЗУЕМОЕ А4Б1В6Г6 А3Б4В2Г5 А1Б3В2Г5
в6 15 14 234 124 135 235 145 14 245 35 34 12 245 134 34 345 125 34 134 25 25 15 35 23 235 2345 1245 15 234 134 135 14 6 ЛИНИЙ СУФФИКСАЛЬНЫЙ НАПИСАНО ДОПОЛНЕНИЕ А6Б6В5Г4 А5Б1В3Г2 А3Б2В4Г1
в7 12 245 123 135 235 145 145 245 123 13 15 24 123 135 45 1234 134 124 125 15 2345 15 24 35 245 1345 2345 234 35 134 24 15 4 ТЕПЕРЬ СУФФИКСАЛЬНЫЙ НАПУГАН ОБСТОЯТЕЛЬСТВО А6Б6В4Г2 А3Б4В1Г2 А1Б4В3Г2
в8 23 14 234 124 125 134 145 13 234 25 14 23 235 125 25 245 235 34 123 13 134 245 235 34 124 1235 1234 234 235 345 13 14 3 ЛЮДЕЙ СУФФИКСАЛЬНЫЙ РАЗРОСШИХСЯ ПОДЛЕЖАЩЕЕ А4Б6В5Г6 А1Б3В2Г5 А5Б4В2Г1
в9 35 35 145 245 125 145 145 134 234 35 14 14 245 124 25 134 35 24 145 15 1245 25 34 14 123 1234 1345 25 125 25 12 13 8 ОЩУЩЕНИЕ СУФФИКСАЛЬНЫЙ ВОЛНОВАВШИХ СКАЗУЕМОЕ А4Б5В6Г6 А5Б3В4Г2 А2Б5В1Г3
в10 15 125 235 245 234 245 145 245 135 35 35 14 124 123 23 134 134 45 134 25 145 34 34 24 123 2345 1345 1345 124 235 12 13 14 АЖУР СУФФИКСАЛЬНЫЙ ПОРОСШИХ ПОДЛЕЖАЩЕЕ А6Б3В5Г6 А4Б5В3Г1 А1Б3В2Г4


	2011
рт1в1
рт1в2
рт2в1
рт2в2
рт3в3
в1 35 124 234 125 23 145 13 35 345 134 125 24 134 1345 245 45 14 14 145 15 1235 25 12 235 234 24 2345 124 245 14 14 6 КОМАНДОВАНИЯ ВСПЫХНУТЬ УПРАВЛЕНИЕ 11 А3Б2В1Г1 А2Б1В5Г3 А1Б1В2Г3
в2 23 124 24 234 24 245 13 45 345 34 2345 13 15 1235 23 45 135 25 123 235 134 245 45 145 15 34 1245 345 23 14 15 13 3 ИНТЕРЕСНАЯ ВОЗНИКЛА УПРАВЛЕНИЕ 7 А3Б2В1Г3 А2Б1В5Г4 А1Б3В1Г2
в3 35 134 245 124 24 134 345 13 23 135 245 235 125 1345 235 23 14 13 134 234 1245 25 12 135 23 234 1245 235 124 245 135 24 2 РОЖДАЕМСЯ ОСТАВИТЬ СОГЛАСОВАНИЕ 10 А2Б3В1Г2 А2Б1В5Г4 А3Б1В2Г1
в4 25 134 12 123 24 135 23 45 145 24 234 15 123 1245 125 23 13 13 145 125 1234 23 13 235 45 124 1235 235 13 234 13 14 12 ГРУСТНЫХ ИЗОБРАЗИЛ СОГЛАСОВАНИЕ 7 А3Б1В2Г1 А1Б5В3Г2 А3Б1В1Г2
в5 23 245 125 125 24 234 134 245 145 234 1234 14 134 1235 234 23 35 35 345 234 1234 24 12 245 134 35 1235 234 124 245 13 13 9
в6 34 124 245 125 24 245 25 24 234 145 235 125 234 1345 125 35 24 35 123 15 1234 24 45 134 145 123 2345 125 12 235 13 23 9 СТАРАНИЕМ ЧИТАТЬ УПРАВЛЕНИЕ 8 А1Б3В2Г1 А2Б1В5Г4 А2Б1В1Г3
в7 34 345 123 134 24 234 34 13 145 45 125 25 145 2345 134 14 125 15 125 134 1234 25 24 15 235 245 1234 15 45 124 35 245 12 ЯВЛЕНИЕ СТАВИЛ УПРАВЛЕНИЕ 17 А3Б1В2Г2 А2Б1В5Г4 А1Б3В1Г2
в8 25 124 125 125 24 235 245 14 234 345 235 134 135 2345 235 24 25 13 135 345 1234 25 15 234 25 15 1245 134 23 345 245 245 5 ТАКИЕ СОХРАНИТЬ СОГЛАСОВАНИЕ 10 А1Б2В3Г3 А2Б1В5Г4 А3Б2В1Г1
в9 24 235 123 235 24 135 45 123 234 15 1245 14 24 1245 145 35 134 13 234 345 1234 245 35 345 25 123 1235 234 135 135 15 13 9 ОКРУЖАЮЩИЙ ВИДЕЛ СОГЛАСОВАНИЕ 8 А3Б2В1Г2 А2Б1В5Г4 А3Б2В1Г1
в10 24 134 234 234 24 235 23 124 124 14 235 124 23 1245 12 34 24 34 345 23 145 25 12 135 2345 145 1235 34 125 124 135 145 7 КАЖДОЕ ВЫНОСИЛИ ПРИМЫКАНИЕ 12 А2Б3В1Г3 А2Б1В5Г3 А2Б1В1Г3


	2012
рт1в1
рт1в2
рт2в1
рт2в2
рт3в3
в1 12 23 235 34 13 12 12 135 15 345 23 45 34 14 13 145 245 234 125 1245 125 12 134 135 345 125 134 45 14 23 134 25 ПРОМОКШИЕ СОЮЗ ПРИМЫКАНИЕ 2 ПОСТАРАТЬСЯ А1Б5В4Г2 А3Б5В1Г4 А2Б3В5Г5
в2 12 134 134 135 15 13 45 235 24 245 23 14 24 124 34 123 134 145 124 12 145 45 135 1234 13 1235 25 15 1245 135 34 23 УДИВЛЯЕТ ЧАСТИЦА УПРАВЛЕНИЕ 8 ЗАХЛЕСТНУТЬ А3Б5В2Г4 А1Б3В4Г5 А5Б3В2Г3
в3 12 24 345 145 125 123 125 345 24 235 23 15 34 123 34 245 145 125 345 123 145 25 235 123 234 1235 125 235 15 234 14 24 ПРАВЕЕ ПРЕДЛОГ ПРИМЫКАНИЕ 9 ПОВЕРХНОСТНОМ А4Б3В1Г2 А2Б5В3Г4 А5Б1В3Г2
в4 13 23 234 124 12 15 134 34 14 1235 245 235 14 234 14 134 123 145 245 35 234 15 125 234 35 2345 135 123 23 35 14 135 ЭКОЛОГИЧЕСКИЕ СОЮЗ ПРИМЫКАНИЕ 3 КОНЧИТСЯ А5Б1В2Г3 А4Б3В2Г5 А1Б5В2Г3
в5 23 234 234 23 245 15 25 15 15 124 34 45 35 1235 23 124 345 245 245 34 123 35 123 234 124 1234 245 125 25 134 14 135 ЕГО ПРЕДЛОГ ПРИМЫКАНИЕ 9 ПОДЕЛИТЬСЯ А2Б5В4Г1 А5Б1В4Г3 А1Б5В2Г3
в6 12 234 23 345 34 23 13 135 15 235 234 12 25 234 12 24 145 125 123 12 124 45 345 145 12 1235 134 12 235 14 13 145 СОБОЮ ПРЕДЛОГ СОГЛАСОВАНИЕ 3 ЦЕЛОСТНОСТЬ А5Б3В1Г4 А2Б3В4Г5 А5Б2В3Г5
в7 12 14 134 123 125 13 14 35 12 1234 14 345 15 1245 13 24 145 245 345 12 123 45 35 125 35 1345 235 134 13 135 14 135 СТОЯЛИ ПРЕДЛОГ ПРИМЫКАНИЕ 4 АГЕНСТВО А4Б2В1Г3 А2Б4В3Г5 А3Б3В5Г2
в8 15 135 125 235 35 14 12 134 25 245 34 34 12 125 12 13 125 134 145 12 145 35 234 1235 24 125 124 12 125 235 13 25 ПОГИБАЮЩЕМ ЧАСТИЦА ПРИМЫКАНИЕ 5 БЕСКОРЫСТНАЯ А4Б2В1Г3 А3Б4В2Г5 А5Б1В3Г2
в9 23 145 134 24 35 15 23 125 34 245 14 124 12 134 124 135 45 45 145 12 245 14 124 135 125 1245 124 123 234 235 14 135 ПРЕДСТАВЛЯЕТ СОЮЗ УПРАВЛЕНИЕ 2 ТРОСТНИКОВЫХ А5Б4В3Г1 А4Б5В3Г2 А5Б2В5Г3
в10 34 135 14 124 45 34 13 124 25 125 14 14 45 245 124 135 124 125 234 12 125 25 245 125 35 123 134 25 245 135 34 235 ПРОЗРАЧНЫЕ ЧАСТИЦА УПРАВЛЕНИЕ 14 ПОЗНАКОМИТЬСЯ А3Б4В1Г5 А2Б3В4Г5 А3Б5В2Г3


	2013
рт1в1
рт1в2
рт2в1
рт2в2
рт3в3
в1 125 15 145 345 234 35 24 245 14 13 125 123 34 125 134 25 45 124 345 12 23 25 1235 234 24 14 1234 124 125 14 14 125 ПРИНОСИТ НЕРЕДКО СКАЗУЕМОЕ 7 СЛАДОСТНЫЕ А4Б1В2Г3 А1Б2В3Г4 А1Б1В2Г2
в2 235 14 135 14 345 25 345 134 14 124 45 145 13 35 125 23 24 345 123 12 14 23 1345 35 123 35 1235 145 134 235 14 24 СВЕРКАЛ ВЕСЕЛО ДОПОЛНЕНИЕ 9 АГЕНТСТВАХ А4Б5В1Г3 А3Б1В4Г2 А2Б1В2Г1
в3 125 45 125 245 245 14 245 123 12 13 124 134 34 23 145 45 23 145 124 12 12 34 2345 25 13 134 1235 245 245 135 13 14 СРАЩЕНА ПРАКТИЧЕСКИ СКАЗУЕМОЕ 12 СОЧУВСТВИЕ А3Б2В1Г4 А4Б3В1Г1 А1Б2В2Г1
в4 135 35 135 235 245 34 134 345 34 14 124 145 45 23 235 14 12 234 123 12 125 23 1234 234 12 13 2345 125 145 145 34 15 ПЕРЕУВЛАЖНЕНИЮ СИЛЬНО СКАЗУЕМОЕ 6 ОПАСНОЙ А3Б1В4Г5 А4Б3В1Г2 А1Б2В1Г2
в5 125 23 234 34 35 25 124 245 345 145 245 234 15 234 145 234 12 134 134 12 12 25 1345 34 235 345 1245 134 124 235 14 35 ОДАРИВАЛИ ЯРКО ДОПОЛНЕНИЕ 2 БЕЗЗВЁЗДНЫМ А5Б2В4Г1 А4Б1В3Г1 А2Б1В1Г2
в6 235 23 145 134 245 14 24 25 14 135 245 134 13 135 234 5 34 234 235 12 145 25 1345 25 15 34 1245 34 235 14 34 25 УЦЕЛЕВШИЕ ИЗРЕДКА ДОПОЛНЕНИЕ 6 ИСЧЕЗЛА А1Б3В4Г2 А3Б4В1Г5 А1Б2В1Г2
в7 13 12 135 245 345 25 124 135 14 14 125 125 45 145 124 235 34 234 145 34 235 45 1245 234 234 23 1234 145 134 235 13 12 ЗАСОЛЁННОСТИ ОСОБЕННО СКАЗУЕМОЕ 19 СДЕРЖАННЫЙ А2Б5В4Г1 А3Б1В5Г1 А1Б2В2Г1
в8 124 15 145 15 125 25 145 24 15 124 124 134 15 45 125 135 14 15 124 12 234 15 1245 34 234 345 1235 124 123 14 13 123 ПОТРЕБНОСТЬ СВОИМ/НЕСВОИМ СКАЗУЕМОЕ 9 ИСЧЕЗНУВШИХ А2Б3В1Г3 А2Б3В1Г4 А1Б2В2Г1
в9 134 23 235 34 134 245 234 123 134 124 123 125 45 235 234 35 45 145 124 12 24 24 1345 234 245 34 1235 124 123 235 13 14 НАЛЕТАЮЩИХ ТАКИХ ДОПОЛНЕНИЕ 4 ЧУДЕСНОГО А4Б5В3Г1 А4Б3В3Г1 А1Б2В2Г1
в10 235 24 124 23 45 15 135 123 34 124 125 124 34 34 145 15 12 245 124 45 15 25 1235 25 123 45 1245 124 14 14 13 15  РАДУЕШЬСЯ ТВЁРДО ДОПОЛНЕНИЕ 17 БЕЗМОЛВСТВУЮЩЕЙ А5Б4В3Г1 А1Б3В4Г1 А2Б1В1Г2


	2014
рт1в1
рт1в2
рт2в1
рт2в2
рт3в3
в1 23 14 135 235 125 45 123 235 234 145 245 123 235 234 35 12 34 124 14 124 14 13 235 35 124 145 14 13 135 23 34 25 СВЕЖАЯ МОЗАИЧНО ОБСТОЯТЕЛЬСТВО СЛОВЕСНОСТЬЮ А1Б2В2Г3 А5Б6В3Г1 А1Б3В5Г4 А3Б1В2Г5
в2 14 23 135 345 12 13 235 235 14 125 24 134 124 23 34 125 24 145 35 134 45 124 125 35 124 34 45 235 235 135 234 24 ХОХЛОМСКИЕ ТОГДА ДОПОЛНЕНИЕ ЖИВОПИСНОЙ А2Б5В2Г4 А5Б1В6Г2 А5Б3В1Г2 А2Б3В4Г1
в3 14 24 134 145 35 34 235 35 245 234 15 134 145 234 34 14 15 135 345 145 23 24 123 34 134 124 45 234 135 13 14 135 НОВУЮ РАЗВИТИЯ ДОПОЛНЕНИЕ ИСКУСНОЙ А1Б4В5Г4 А2Б1В4Г3 А5Б1В3Г2 А3Б4В1Г2
в4 15 14 245 234 34 23 234 25 245 124 235 125 245 234 45 124 45 245 234 345 124 245 134 234 145 245 25 234 23 13 34 135 ТОНКИМ СВОИ ДОПОЛНЕНИЕ ТЕЛЕСНОГО А2Б2В5Г4 А3Б5В4Г1 А1Б5В2Г3 А4Б2В1Г3
в5 24 23 135 45 34 235 124 12 13 135 24 134 123 145 12 14 12 135 235 123 13 35 234 35 123 245 245 13 34 13 34 13 АГРЕССИВЕН ОЧЕНЬ ПОДЛЕЖАЩЕЕ УЧАСТВОВАТЬ А1Б5В1Г2 А2Б1В5Г4 А5Б1В3Г2 А2Б1В5Г3
в6 13 13 134 345 45 24 134 34 135 15 23 123 234 134 24 134 34 234 235 135 125 125 123 234 145 145 345 124 135 23 34 24 ШЁЛКОВЫЙ НЕОБЫКНОВЕННОЕ ПОДЛЕЖАЩЕЕ БЕСХИТРОСТНЫЕ А1Б5В4Г4 А5Б6В4Г1 А3Б2В5Г1 А1Б3В2Г5
в7 13 15 125 23 23 124 123 34 135 135 34 134 345 14 12 125 23 135 235 145 24 14 125 235 134 34 13 12 34 13 14 145 МОЛОДЫЕ РЕДКО ПОДЛЕЖАЩЕЕ БЛЕСНУЛА А5Б2В2Г4 А5Б1В6Г2 А5Б1В3Г2 А2Б5В1Г3
в8 125 234 245 13 25 15 125 45 235 124 345 124 145 23 34 145 34 123 245 34 12 15 234 35 245 245 14 124 34 235 13 25 ГОРИЗОНТАЛЬНОЙ ШИРОКО СКАЗУЕМОЕ УЧАСТНИКИ А5Б2В2Г4 А3Б6В2Г1 А3Б5В2Г1 А1Б3В2Г4
в9 124 15 245 125 45 35 34 23 235 125 234 123 125 145 15 45 12 234 234 124 15 12 125 234 125 24 245 134 125 23 134 14 БАРХАТНОМ ОЧЕНЬ СКАЗУЕМОЕ ЗАВИСТЛИВЫМ А3Б2В1Г2 А2Б3В1Г4 А1Б5В3Г2 А4Б3В1Г2
в10 45 12 135 45 12 34 145 24 125 34 135 135 125 123 34 235 25 245 235 134 345 24 145 34 245 235 34 245 24 23 34 24 ОСТРЫМ ЕСТЕСТВЕННОЕ ПОДЛЕЖАЩЕЕ ШЕСТНАДЦАТЬ А4Б5В1Г4 А5Б6В1Г2 А5Б1В4Г2 А3Б5В2Г1


	2015
рт1в1
рт1в2
рт2в1
рт2в2
рт3в3
в1 124 12 135 345 45 23 12 13 45 25 14 125 145 134 35 145 34 125 13 1245 135 235 135 125 135 125 234 24 13 13 ВЧЕРАШНЕЙ СИЛЬНАЯ ВОДНОЙ СКАЗУЕМОЕ ЦЕЛОСТНОСТЬЮ ШЕСТИСОТ А5Б3В4Г2 А4Б3В1Г1 А2Б1В3Г4 А3Б5В4Г1
в2 134 13 134 345 14 135 35 24 15 25 45 124 235 145 15 14 13 123 234 1245 345 13 134 34 123 345 135 13 14 25 ОРОГОВЕВШИМИ ПЕРЕДНИЕ ОБЫЧНО ОПРЕДЕЛЕНИЕ ЖИВОПИСНЫМИ ЧЕТЫРЕХСОТ А4Б3В2Г5 А4Б1В3Г1 А2Б4В1Г3 А1Б5В2Г3
в3 145 235 145 15 134 13 25 15 34 24 23 123 235 124 135 345 25 125 15 1245 12 35 134 245 124 245 34 235 134 15 ВДРУГ ДРЕВЕСНЫХ МОРОЗНОГО ОПРЕДЕЛЕНИЕ ОКРЕСТНОСТЯХ ПЯТИСОТ А2Б3В4Г5 А1Б1В4Г3 А3Б1В2Г4 А4Б1В5Г3
в4 135 24 134 124 235 34 35 45 34 34 15 234 134 234 25 135 23 125 13 1245 125 15 34 23 124 145 25 13 14 245 ТАЙФУНОВ КЛИМАТИЧЕСКОГО НЕДАВНО СКАЗУЕМОЕ МЕСТНЫМИ ПОЛУТОРАСТА А4Б5В3Г1 А1Б4В3Г1 А4Б2В1Г3 А3Б2В4Г1
в5 134 23 145 345 125 12 34 23 13 14 34 134 125 125 13 124 34 123 125 245 234 245 24 125 123 234 35 245 13 14 ЭТЮД ЗНАЧИТЕЛЬНОЕ ОСОБЕННО ПОДЛЕЖАЩЕЕ ИЗВЕСТНОГО ДВУМСТАМ А1Б3В4Г5 А3Б1В1Г4 А3Б2В4Г1 А1Б3В4Г2
в6 25 23 124 234 35 234 145 125 14 35 14 145 135 245 135 125 35 125 25 1234 23 134 15 123 35 245 34 235 13 13 СЛАДКИЕ ПОЛЕВЫЕ ОБЫЧНО ПОДЛЕЖАЩЕЕ БЛЕСНЕТ ПОЛУТОРАСТА А4Б5В3Г2 А1Б4В3Г1 А3Б1В2Г4 А1Б3В2Г4
в7 13 15 134 125 134 25 135 45 34 15 35 145 135 24 124 125 14 124 124 1234 125 34 235 13 23 145 14 234 34 25 ВСЕМИ ДРЕВНЕЙШИЙ БЫСТРО ОБСТОЯТЕЛЬСТВО БЕСКОРЫСТНОЙ ДВУХСОТ А5Б3В4Г2 А4Б3В1Г1 А3Б2В1Г5 А3Б1В2Г4
в8 134 24 123 145 123 25 13 35 35 23 13 124 235 125 14 15 13 125 234 1245 345 125 24 145 125 35 145 234 134 145 ВСЕГДА БЕСПОМОЩНЫМ СВОИ СКАЗУЕМОЕ РОВЕСНИЦЫ ПОЛУТОРАСТА А3Б4В5Г2 А3Б1В1Г4 А2Б5В1Г4 А5Б1В2Г3
в9 245 23 145 245 123 235 15 12 14 13 23 135 235 145 245 45 34 235 23 1234 25 134 25 15 24 145 24 14 134 135 СДАВЛЕННЫЙ МЕТАЛЛИЧЕСКАЯ ПОРОЙ ОПРЕДЕЛЕНИЕ ОКРЕСТНОСТИ ЧЕТЫРЕХСОТ А1Б5В3Г2 А3Б1В4Г1 А4Б2В5Г3 А5Б4В1Г2
в10 34 15 134 123 25 24 15 34 12 34 13 245 134 134 34 135 45 125 125 124 45 13 34 124 123 135 14 14 124 24 ВСЕГДА ФРАНЦУЗСКОГО СВОЕГО ОБСТОЯТЕЛЬСТВО ИЗВЕСТНОМУ ПЯТЬЮДЕСЯТЬЮ А5Б4В3Г2 А4Б3В1Г1 А3Б2В4Г5 А4Б1В3Г2


	2016
рт1в1
рт1в2
рт2в1
рт2в2
рт3в3
в1 134 24 15 135 34 134 2345 123 13 12 24 125 145 134 135 23 23 24 124 35 134 15 235 25 124 23 135 12 23 13 2 СПЕШИТЬ СРЫВАЛИ СОЮЗ 12 ПОВЕРХНОСТИ А1Б2В4Г3 А3Б1В2Г5 А4Б3В1Г2 А5Б1В2Г3
в2 245 13 134 234 13 13 13 24 245 12 25 245 125 235 234 24 23 13 145 35 1234 25 125 15 235 34 1345 345 15 24 15 ОТДЕЛЬНЫМ ПОЯВИЛИСЬ НАРЕЧИЕ 14 РАДОСТНОЙ А1Б5В2Г4 А3Б1В2Г4 А1Б2В4Г3 А2Б3В4Г5
в3 125 15 13 35 235 24 234 45 34 35 14 12 234 124 145 24 123 34 123 125 1245 35 134 34 14 45 1345 125 15 13 2 КОТОРЫЕ ПОЯВИЛИСЬ МЕСТОИМЕНИЕ 9 ЧУДЕСНОГО А3Б5В1Г4 А2Б3В4Г1 А3Б4В2Г1 А5Б3В2Г1
в4 125 125 34 125 15 24 235 135 234 34 45 235 134 234 145 235 245 245 234 345 134 25 135 12 134 45 1234 24 13 24 15 ИЗУЧАТЬ СДЕЛАЛИ НАРЕЧИЕ 13 ИСКУСНАЯ А3Б2В1Г4 А1Б5В2Г3 А2Б1В3Г4 А3Б2В4Г5
в5 123 13 245 235 245 145 135 234 23 12 35 24 124 125 12 15 45 23 125 23 1245 13 145 24 123 1345 145 23 24 23 9 ТРОГАТЕЛЬНА СКАЗАЛ МЕСТОИМЕНИЕ 9 ЗВЕЗДНОГО А1Б4В2Г5 А1Б1В3Г2 А3Б1В2Г4 А5Б1В3Г4
в6 245 35 124 345 245 23 1234 134 235 34 15 35 245 125 123 24 123 14 125 25 145 34 245 23 135 13 124 234 25 14 2 ЗАКОНОДАТЕЛЬ ВЕЗУТ СОЮЗ 7 СТРАСТНО А5Б3В2Г1 А1Б3В2Г4 А1Б4В3Г2 А2Б4В3Г5
в7 135 234 135 125 235 24 2345 13 145 12 45 35 125 145 135 23 23 24 134 15 1234 24 15 13 1245 145 2345 135 24 23 18 ЕЛКУ ВЫРЫЛИ ПРЕДЛОГ 11 ЖАЛОСЛИВО А3Б4В2Г1 А5Б2В1Г3 А2Б4В3Г1А4Б3В2Г5
в8 125 134 24 134 23 35 1245 24 34 34 12 145 245 135 134 34 13 24 245 13 145 34 145 235 135 145 234 23 13 14 5 ВОСПИТАНИЯ СЛОЖИЛИСЬ МЕСТОИМЕНИЕ 10 ПОДВЛАСТНО А2Б3В5Г1 А3Б1В5Г2 А3Б2В1Г4 А2Б3В1Г5
в9 23 235 24 134 45 45 1245 25 245 35 45 13 245 145 234 135 235 35 125 245 135 34 25 245 135 35 1245 145 13 14 13 ЗАСТУПАЛОСЬ ПРОИСХОДИЛО МЕСТОИМЕНИЕ 3 ПРЕДВЕСТНИК А3Б2В1Г5 А2Б5В3Г1 А2Б4В1Г3 А5Б2В4Г3
в10 14 34 235 123 25 34 235 234 35 35 15 245 134 234 234 124 15 45 124 45 1235 23 14 12 2345 34 1235 135 245 235 10 СИЛЬНОЙ ДЕЛАЕТ ЧАСТИЦА 11 ПОЧУВСТВОВАТЬ А2Б5В4Г3 А3Б1В2Г5 А1Б4В2Г3 А3Б5В2Г4